0 0.219015 0.394050 0.030549 0.060800
0 0.269202 0.391244 0.031172 0.045834
0 0.309102 0.392179 0.033666 0.060800
0 0.354613 0.394050 0.034913 0.055188
0 0.412594 0.387502 0.029925 0.058930
0 0.458728 0.400598 0.033666 0.055188
0 0.506733 0.399195 0.034913 0.061736
0 0.547132 0.398727 0.034913 0.055188
0 0.591272 0.391244 0.032419 0.058930
0 0.623067 0.420241 0.034913 0.062671
0 0.664214 0.414629 0.033666 0.057059
0 0.695075 0.365521 0.041771 0.057994
0 0.199501 0.478703 0.031172 0.056123
0 0.246259 0.474494 0.032419 0.066413
0 0.300187 0.481041 0.033042 0.060800
0 0.331047 0.496008 0.033666 0.060800
0 0.384040 0.487589 0.028678 0.051446
0 0.420511 0.476832 0.031796 0.057994
0 0.453242 0.508168 0.032419 0.064542
0 0.497195 0.476832 0.033042 0.059865
0 0.556920 0.483848 0.034289 0.057059
0 0.617394 0.490863 0.036783 0.057994
0 0.668454 0.495072 0.034663 0.058930
0 0.716022 0.488992 0.033042 0.063607
0 0.765274 0.452980 0.038030 0.060800
0 0.170137 0.551663 0.036783 0.067348
0 0.225312 0.566630 0.036160 0.067348
0 0.289214 0.560550 0.036783 0.064542
0 0.333167 0.595627 0.034913 0.065477
0 0.377120 0.587208 0.038030 0.063607
0 0.423878 0.582531 0.038030 0.052382
0 0.489339 0.567097 0.036783 0.060800
0 0.547569 0.595627 0.036783 0.059865
0 0.599751 0.589547 0.036160 0.064542
0 0.667955 0.568033 0.042394 0.070154
0 0.733416 0.598433 0.037406 0.071090
0 0.808915 0.577387 0.041771 0.066413
0 0.856608 0.542777 0.047382 0.072025