0 0.145137 0.292848 0.057357 0.133138
0 0.242706 0.197214 0.059227 0.095634
0 0.356796 0.314413 0.054239 0.099385
0 0.255611 0.473334 0.062344 0.119074
0 0.379364 0.466302 0.050499 0.121887
0 0.449190 0.270346 0.041771 0.095634
0 0.507731 0.467709 0.056110 0.107823
0 0.541085 0.301286 0.049252 0.091884
0 0.593142 0.471928 0.051122 0.099385
0 0.662032 0.346759 0.046758 0.081570
0 0.732793 0.231904 0.051122 0.095634
0 0.693516 0.456926 0.052369 0.090009
0 0.806421 0.290973 0.062968 0.099385
0 0.861284 0.200495 0.052993 0.089071