0 0.102618 0.230833 0.066085 0.127047
0 0.164339 0.144700 0.052369 0.114127
0 0.237282 0.153313 0.046135 0.109820
0 0.342020 0.139317 0.043641 0.111973
0 0.332045 0.378337 0.063591 0.107667
0 0.434289 0.132857 0.048628 0.107667
0 0.458603 0.262057 0.057357 0.107667
0 0.539027 0.108093 0.051122 0.114127
0 0.564589 0.264210 0.059850 0.107667
0 0.642519 0.111323 0.053616 0.107667
0 0.731671 0.125320 0.057357 0.105513
0 0.711097 0.376183 0.063591 0.120587
0 0.811471 0.153313 0.064838 0.118433
0 0.895012 0.231910 0.067332 0.133507