0 0.123026 0.188762 0.069825 0.158495
0 0.074813 0.404286 0.076475 0.151088
0 0.246052 0.407989 0.081463 0.146645
0 0.253117 0.189503 0.064007 0.148126
0 0.376143 0.382067 0.062344 0.142201
0 0.384871 0.159878 0.058188 0.136276
0 0.501663 0.145806 0.064007 0.128870
0 0.470906 0.374660 0.060682 0.133313
0 0.578886 0.333185 0.064838 0.118501
0 0.596342 0.182837 0.043225 0.108132
0 0.676143 0.190244 0.059850 0.131832
0 0.705653 0.337629 0.055694 0.136276
0 0.787531 0.161359 0.056525 0.133313
0 0.832003 0.386511 0.057357 0.139238
0 0.911554 0.205056 0.053200 0.122945
0 0.952286 0.365773 0.068163 0.133313