0 0.148895 0.523734 0.033967 0.059994
0 0.191676 0.559859 0.035257 0.062574
0 0.224568 0.550828 0.028807 0.058704
0 0.265844 0.563730 0.033107 0.058704
0 0.298951 0.540829 0.033967 0.061929
0 0.331843 0.558246 0.030097 0.060639
0 0.370754 0.557601 0.033967 0.065800
0 0.407946 0.564697 0.031817 0.064510
0 0.437570 0.534507 0.033107 0.059349
0 0.481211 0.550634 0.034397 0.063219
0 0.515823 0.540958 0.031387 0.061929
0 0.552154 0.567084 0.031817 0.065155
0 0.589346 0.558698 0.033967 0.067735
0 0.622452 0.573858 0.034827 0.058059
0 0.658139 0.575148 0.032247 0.058059
0 0.695116 0.573535 0.032247 0.063865
0 0.728867 0.556440 0.033537 0.054188
0 0.764941 0.569406 0.029667 0.058704
0 0.794178 0.547796 0.032247 0.060639
0 0.825995 0.588759 0.033967 0.062574
0 0.865767 0.558117 0.030957 0.058059
0 0.896724 0.593920 0.034397 0.056123