0 0.071398 0.247759 0.052586 0.095117
0 0.088746 0.380835 0.063428 0.102971
0 0.209639 0.193219 0.054754 0.099480
0 0.213434 0.398288 0.058007 0.111697
0 0.280928 0.259976 0.050960 0.096862
0 0.400195 0.257794 0.054212 0.116933
0 0.339206 0.420104 0.066681 0.106461
0 0.506126 0.264775 0.050960 0.113442
0 0.599642 0.251686 0.063428 0.113442
0 0.489862 0.383017 0.067223 0.116060
0 0.677816 0.245141 0.056923 0.124786
0 0.776971 0.311461 0.071560 0.138749
0 0.848802 0.217653 0.062344 0.122169
0 0.885504 0.354656 0.089992 0.153583