0 0.091646 0.294495 0.063591 0.099492
0 0.149938 0.349768 0.040524 0.088437
0 0.168017 0.286664 0.040524 0.081988
0 0.214776 0.346544 0.048005 0.083831
0 0.223192 0.273767 0.043641 0.081988
0 0.258728 0.228628 0.038653 0.069091
0 0.312656 0.259028 0.048005 0.065406
0 0.355362 0.235537 0.042394 0.082910
0 0.322319 0.322131 0.047382 0.090279
0 0.397444 0.289889 0.046758 0.103176
0 0.449813 0.237840 0.039277 0.072776
0 0.461160 0.335028 0.054489 0.086594
0 0.492768 0.257646 0.042394 0.095807
0 0.546696 0.234155 0.041771 0.089358
0 0.559788 0.329040 0.044264 0.085673
0 0.607170 0.281598 0.039277 0.084752
0 0.634289 0.253961 0.033666 0.077382
0 0.646135 0.351150 0.048628 0.093043
0 0.689152 0.299562 0.043641 0.098570
0 0.531110 0.455247 0.044264 0.089358
0 0.709726 0.376023 0.044888 0.080146
0 0.757419 0.339635 0.049252 0.090279
0 0.745885 0.259028 0.047382 0.085673
0 0.834414 0.363586 0.039900 0.073697
0 0.797007 0.271004 0.039900 0.072776
0 0.887095 0.285283 0.039277 0.082910
0 0.822880 0.314301 0.036783 0.069091
0 0.907980 0.363126 0.042394 0.087516