0 0.158354 0.546313 0.132170 0.294502
0 0.319825 0.538000 0.108479 0.287377
0 0.687032 0.366999 0.069825 0.168626
0 0.753117 0.327811 0.062344 0.118751
0 0.792394 0.268436 0.051122 0.109251
0 0.865960 0.267249 0.061097 0.097376
0 0.416459 0.274374 0.072319 0.102126
0 0.322943 0.298124 0.049875 0.130626
0 0.189526 0.286249 0.059850 0.116376
0 0.270574 0.242311 0.042394 0.099751
0 0.352244 0.072497 0.066085 0.116376
0 0.452618 0.212623 0.039900 0.087876
0 0.610973 0.057030 0.044888 0.114060
0 0.657731 0.219748 0.048628 0.078375
0 0.038030 0.374124 0.073566 0.206626