0 0.101106 0.313797 0.044996 0.093201
0 0.177545 0.382727 0.039575 0.085435
0 0.222270 0.335641 0.036864 0.080580
0 0.254256 0.371562 0.035780 0.086406
0 0.263743 0.551169 0.040659 0.090289
0 0.292204 0.346320 0.037949 0.072814
0 0.307113 0.400688 0.031985 0.082522
0 0.346146 0.347776 0.036322 0.075726
0 0.343435 0.461366 0.033070 0.083493
0 0.385449 0.390494 0.030359 0.077668
0 0.470780 0.349233 0.036864 0.090289
0 0.510355 0.311855 0.041201 0.089318
0 0.601160 0.351174 0.039575 0.084464
0 0.622845 0.442919 0.040659 0.077668
0 0.664860 0.376416 0.039033 0.078639
0 0.710669 0.352631 0.035238 0.075726
0 0.686816 0.555538 0.043912 0.095143
0 0.749973 0.362339 0.034696 0.077668
0 0.768785 0.491947 0.048249 0.088347
0 0.790198 0.344378 0.036864 0.078639
0 0.828147 0.339039 0.036864 0.089318
0 0.867180 0.352145 0.041201 0.096114
0 0.914074 0.323020 0.049333 0.099997