0 0.413297 0.356176 0.082272 0.164129
0 0.486710 0.205584 0.059489 0.079526
0 0.598094 0.129442 0.044301 0.072758
0 0.547465 0.242809 0.041769 0.065990
0 0.770866 0.439932 0.134167 0.196277
0 0.928450 0.357868 0.092398 0.137056
0 0.202553 0.397631 0.096196 0.131980
0 0.279763 0.295262 0.068349 0.109983
0 0.194959 0.242809 0.060755 0.089679
0 0.144963 0.307107 0.056958 0.120135
0 0.395577 0.571066 0.155685 0.214890
0 0.703783 0.247039 0.055692 0.081218
0 0.797447 0.216582 0.058224 0.071066
0 0.969586 0.223350 0.050629 0.084602
0 0.744919 0.196277 0.034175 0.060914
0 0.414563 0.200508 0.044301 0.062606
0 0.313938 0.208122 0.055692 0.067682
0 0.375326 0.236041 0.051895 0.082910